0.9989029
0.9992694
0.9407901
0.99693835
0.9963336
0.873832
0.9984493
0.85158867
0.24994703
0.9703456
0.74275804
0.9989513
0.8263997
0.71609837
0.9605258
0.92678344
0.05726499
0.98743767
0.88330686
0.99991
0.99486756
0.92189497
0.99800116
0.9354255
0.53540796
0.7582362
0.07667431
0.99974734
0.96792597
0.9994893
0.9952468
0.71541053
0.60720795
0.97068584
0.9994311
0.7824046
0.93289775
0.96221703
0.9553496
0.16926654
0.7103243
0.8399913
0.9248481
0.91619086
0.9990068
0.3065802
0.99756527
0.93932265
0.997621
0.34036297
0.97462374
0.9971777
0.5022393
0.9970898
0.9978217
0.9999691
0.990575
0.992113
0.98852867
0.9953803
0.97705495
0.75440806
0.3064583
0.99534804
0.9858965
0.8059428
0.9953436
0.9974038
0.85266
0.984233
0.91018575
0.88228166
0.23492438
0.9933088
0.9998863
0.85617226
0.07295735
0.9961882
0.9848251
0.9976968
0.97824425
0.97088856
0.9954855
0.70231175
0.85815305
0.9973031
0.9568965
0.9967032
0.7046711
0.6151075
0.99979097
0.49747178
0.8052895
0.95115685
0.99779177
0.6103559
0.9534971
0.11844508
0.9917393
0.6934443
0.51984113
0.9396119
0.9794916
0.9980883
0.99260896
0.2752926
0.9432662
0.3970747
0.9986193
0.8184601
0.57896966
0.99339104
0.99982893
0.5699739
0.99242157
0.9537666
0.94401413
0.8373116
0.9961014
0.90093863
0.9348557
0.5190689
0.5861122
0.95327765
0.98358583
0.6074796
0.83379275
0.49887997
0.9103025
0.98878133
0.9874187
0.99169123
0.6836775
0.9451351
0.9899464
0.9218178
0.5971204
0.996829
0.9835504
0.9540956
0.3068955
0.9980381
0.95474553
0.953221
0.99952316
0.86402357
0.852736
0.99940574
0.78859943
0.28127956
0.82362336
0.99859947
0.9038967
0.94467443
0.9909338
0.99979883
0.330398
0.9895098
0.9995479
0.99998415
0.99947923
0.66148204
0.99913293
0.9496232
0.89473
0.88048595
0.9271279
0.9648728
0.8338127
0.99866486
0.81432027
0.97475344
0.85694927
0.88721544
0.964807
0.99980134
0.66858923
0.662856
0.7708666
0.89920723
0.99580246
0.98703986
0.95988315
0.9029513
0.9939574
0.72845805
0.98856413
0.5484562
0.97469974
0.9935494
0.99771786
0.9781658
0.9975147
0.57281566
0.4232647
0.9770737
0.26497385
0.9528841
0.06828631
0.06290958
0.00249306
0.00180301
0.00867497
0.02614009
0.00133883
0.00207168
0.0080319
0.02013281
0.00889867
0.05113842
0.049512
0.09212779
0.00311371
0.00460431
0.29094842
0.01565324
0.03807183
0.0087334
0.0028344
0.22352827
0.00083767
0.00087986
0.01328818
0.00205751
0.01139315
0.07646782
0.01917628
0.0138862
0.00271021
0.04807617
0.01950143
0.01573939
0.00279756
0.07559693
0.02701067
0.00472356
0.0100076
0.00292381
0.00176425
0.00472124
0.01238379
0.00765449
0.00070335
0.00805353
0.03012147
0.00140347
0.01598193
0.02439714
0.00600218
0.000553
0.0508267
0.00810449
0.00814489
0.00063755
0.00625653
0.12081455
0.00049808
0.04719368
0.01200041
0.36014748
0.00970445
0.01087084
0.01812304
0.02217839
0.00084134
0.01447151
0.00625719
0.00827747
0.01156805
0.01005849
0.04698512
0.11018062
0.00305138
0.04345914
0.00053767
0.01427536
0.00377438
0.00066826
0.10966964
0.02621072
0.00169185
0.00038503
0.00037222
0.00364579
0.00020042
0.05515531
0.00909455
0.00742922
0.02310189
0.00132645
0.36099803
0.01626804
0.00366793
0.02763258
0.00694415
0.22663863
0.0039419
0.0108015
0.0062368
0.00086513
0.1873109
0.8489604
0.02512232
0.070789
0.00319356
0.00156375
0.17612155
0.00377915
0.00392578
0.9003846
0.03332959
0.17507051
0.05499683
0.19191498
0.13226771
0.02558701
0.03764294
0.07782085
0.42945826
0.00623548
0.02922767
0.26045236
0.15336013
0.00340294
0.00067665
0.00565132
0.00615036
0.01017187
0.01484619
0.03714243
0.7131052
0.05280735
0.13416395
0.03021429
0.00285961
0.02259453
0.00816536
0.34328312
0.00919371
0.00251275
0.0123015
0.09229971
0.09852489
0.23336004
0.03492454
0.02853354
0.01604718
0.00536554
0.00100685
0.37721288
0.4987073
0.21280949
0.04922527
0.17858355
0.15366074
0.44064704
0.15271226
0.0077975
0.08508789
0.03680268
0.01369181
0.07430387
0.38423797
0.07608423
0.10274965
0.36363474
0.14251685
0.04523738
0.02363216
0.07488684
0.03954569
0.02186131
0.8332396
0.20215516
0.02897768
0.05548806
0.00056237
0.00028078
0.23487838
0.11917546
0.1511851
0.01442895
0.11814824
0.00308909
0.02374805
0.00805507
0.08198605
0.00187066
0.10620884
0.10394306
0.00363659
0.17585525
0.00077186
0.7526343
0.6191997
0.01931293
0.00573877
0.02744477
0.01799909
0.00682677