1.11891612e-04,9.99888062e-01
3.13576125e-03,9.96864259e-01
2.11093888e-01,7.88906097e-01
7.22715771e-03,9.92772877e-01
2.06653276e-04,9.99793351e-01
4.44714993e-01,5.55285037e-01
1.72615382e-05,9.99982715e-01
1.00938596e-04,9.99899030e-01
9.12173018e-02,9.08782721e-01
7.26459393e-06,9.99992728e-01
8.36258405e-05,9.99916315e-01
1.28127923e-02,9.87187266e-01
1.69583454e-05,9.99983072e-01
9.95714962e-01,4.28501097e-03
4.22453851e-01,5.77546120e-01
5.69075299e-03,9.94309187e-01
9.95019794e-01,4.98018553e-03
8.59998986e-02,9.14000094e-01
1.49629032e-02,9.85037029e-01
4.57034400e-03,9.95429635e-01
5.58547676e-02,9.44145262e-01
1.47183150e-01,8.52816880e-01
1.70436033e-04,9.99829531e-01
2.13714316e-03,9.97862875e-01
1.06361486e-01,8.93638492e-01
2.61428151e-02,9.73857164e-01
1.98171988e-01,8.01827967e-01
3.09401134e-04,9.99690652e-01
8.26901048e-02,9.17309880e-01
4.80680726e-03,9.95193243e-01
5.49230315e-02,9.45076942e-01
3.08724672e-01,6.91275299e-01
1.49062753e-01,8.50937307e-01
8.72272358e-05,9.99912739e-01
9.38073281e-05,9.99906182e-01
2.15416402e-01,7.84583628e-01
1.15672141e-01,8.84327888e-01
3.48167814e-04,9.99651790e-01
7.72241428e-02,9.22775805e-01
2.32488006e-01,7.67511964e-01
7.81662688e-02,9.21833754e-01
1.18008838e-05,9.99988198e-01
5.93067743e-02,9.40693200e-01
9.80186105e-01,1.98139288e-02
1.72369448e-06,9.99998331e-01
2.65368931e-02,9.73463118e-01
1.27921385e-06,9.99998689e-01
5.73614473e-03,9.94263828e-01
1.01892092e-05,9.99989867e-01
6.16794705e-01,3.83205295e-01
4.00924328e-04,9.99599040e-01
3.55558113e-05,9.99964476e-01
6.59110919e-02,9.34088945e-01
3.91854110e-06,9.99996066e-01
5.53702610e-03,9.94462907e-01
2.27375902e-04,9.99772608e-01
2.68386747e-03,9.97316182e-01
2.70197052e-05,9.99972939e-01
4.34862974e-04,9.99565184e-01
1.45223690e-02,9.85477567e-01
1.34393899e-02,9.86560583e-01
9.76504564e-01,2.34953966e-02
5.46600938e-01,4.53399092e-01
7.40186719e-04,9.99259770e-01
1.92303024e-02,9.80769753e-01
6.05339464e-03,9.93946612e-01
4.23099706e-03,9.95769024e-01
2.40105965e-06,9.99997616e-01
2.13873550e-01,7.86126494e-01
1.03684561e-03,9.98963118e-01
8.16024467e-02,9.18397486e-01
2.37263204e-03,9.97627437e-01
5.38296513e-02,9.46170330e-01
1.82675615e-01,8.17324400e-01
2.37148051e-05,9.99976277e-01
2.58901536e-01,7.41098404e-01
9.98099387e-01,1.90064334e-03
2.42269523e-02,9.75773096e-01
5.05746924e-04,9.99494195e-01
5.40862838e-03,9.94591296e-01
5.52699086e-04,9.99447286e-01
3.05760764e-02,9.69423890e-01
3.29064904e-04,9.99670982e-01
6.84616447e-04,9.99315381e-01
9.98856664e-01,1.14337227e-03
1.52959977e-03,9.98470366e-01
5.37367277e-02,9.46263313e-01
1.31249882e-03,9.98687446e-01
3.99927646e-02,9.60007191e-01
3.35445106e-01,6.64554954e-01
4.25148942e-03,9.95748580e-01
2.91242846e-04,9.99708712e-01
2.00277846e-03,9.97997224e-01
7.18169510e-01,2.81830430e-01
2.17757866e-01,7.82242119e-01
1.02318555e-01,8.97681475e-01
3.18138955e-05,9.99968171e-01
3.59914242e-03,9.96400833e-01
3.67007044e-04,9.99632955e-01
7.22389281e-01,2.77610749e-01
1.73296835e-02,9.82670248e-01
2.74911639e-04,9.99725044e-01
3.35486693e-04,9.99664545e-01
1.90365594e-04,9.99809682e-01
4.25983657e-04,9.99574006e-01
8.47436666e-01,1.52563304e-01
5.85255958e-02,9.41474378e-01
1.32309925e-03,9.98676836e-01
7.80288610e-06,9.99992251e-01
8.75762627e-02,9.12423790e-01
2.51928240e-01,7.48071730e-01
6.67467073e-04,9.99332488e-01
3.55060375e-03,9.96449351e-01
1.97207499e-02,9.80279207e-01
5.62857313e-05,9.99943733e-01
5.30916825e-03,9.94690835e-01
4.89361025e-02,9.51063871e-01
7.59467930e-02,9.24053252e-01
1.41894689e-03,9.98581052e-01
8.75134468e-02,9.12486494e-01
4.33487166e-03,9.95665133e-01
2.46821408e-04,9.99753177e-01
1.83556333e-01,8.16443622e-01
1.46585014e-02,9.85341489e-01
2.55831089e-02,9.74416912e-01
3.95891339e-01,6.04108632e-01
2.54852466e-06,9.99997497e-01
9.11934197e-01,8.80658180e-02
3.33309174e-02,9.66669023e-01
9.33361173e-01,6.66387603e-02
3.45553868e-02,9.65444565e-01
5.50139789e-03,9.94498670e-01
5.60738206e-01,4.39261824e-01
5.63873872e-02,9.43612635e-01
8.78250343e-04,9.99121726e-01
4.92381910e-03,9.95076239e-01
7.42069855e-02,9.25793052e-01
3.16782243e-04,9.99683261e-01
5.60506596e-04,9.99439418e-01
4.65355288e-06,9.99995351e-01
1.32843647e-02,9.86715615e-01
2.25827694e-02,9.77417231e-01
1.24902003e-01,8.75097990e-01
4.24092030e-03,9.95759070e-01
2.18453049e-03,9.97815490e-01
2.98321876e-03,9.97016788e-01
6.53691515e-02,9.34630811e-01
9.99772572e-04,9.99000251e-01
2.67342571e-03,9.97326612e-01
6.27209365e-01,3.72790575e-01
7.40932347e-03,9.92590666e-01
1.39716694e-05,9.99986053e-01
1.14205887e-03,9.98857975e-01
7.24904656e-01,2.75095373e-01
3.87751788e-04,9.99612272e-01
3.98524484e-04,9.99601543e-01
6.50399685e-01,3.49600345e-01
3.38528007e-02,9.66147244e-01
2.80439817e-05,9.99971986e-01
1.21026505e-05,9.99987841e-01
1.36233124e-04,9.99863744e-01
6.47774106e-03,9.93522227e-01
4.69154929e-06,9.99995351e-01
1.45230172e-02,9.85477030e-01
7.58316950e-04,9.99241710e-01
2.50507821e-03,9.97494936e-01
3.09286034e-03,9.96907175e-01
3.65556359e-01,6.34443641e-01
1.06047459e-01,8.93952489e-01
1.23018981e-04,9.99876976e-01
3.18433754e-02,9.68156695e-01
2.27296595e-02,9.77270305e-01
5.21297097e-01,4.78702903e-01
1.93143472e-01,8.06856513e-01
4.97361660e-01,5.02638340e-01
2.93135236e-05,9.99970675e-01
4.18079734e-01,5.81920266e-01
1.01266481e-01,8.98733556e-01
7.17789769e-01,2.82210231e-01
3.78470216e-03,9.96215284e-01
3.01219560e-02,9.69878018e-01
5.19101974e-04,9.99480903e-01
1.57329475e-03,9.98426676e-01
6.87936470e-02,9.31206405e-01
3.39532504e-04,9.99660492e-01
1.26689635e-02,9.87330973e-01
3.92228991e-01,6.07770979e-01
1.32566825e-01,8.67433190e-01
8.20601508e-02,9.17939842e-01
4.42739204e-03,9.95572567e-01
1.37924880e-01,8.62075090e-01
2.57122099e-01,7.42877841e-01
9.08504128e-02,9.09149587e-01
1.26770556e-01,8.73229444e-01
9.91196156e-01,8.80384166e-03
1.93725437e-01,8.06274593e-01
3.87644798e-01,6.12355232e-01
5.95129188e-03,9.94048715e-01
9.85808909e-01,1.41911265e-02
9.99011278e-01,9.88741405e-04
9.99969959e-01,3.00255997e-05
9.99985099e-01,1.49305906e-05
9.99987602e-01,1.23635209e-05
9.99898672e-01,1.01370257e-04
9.99753773e-01,2.46225100e-04
9.99921560e-01,7.84001240e-05
9.99981523e-01,1.84279834e-05
9.99854445e-01,1.45556769e-04
9.99904990e-01,9.49640526e-05
9.99929547e-01,7.04751073e-05
9.99655843e-01,3.44215339e-04
9.99636889e-01,3.63110303e-04
9.99766290e-01,2.33702696e-04
9.99962807e-01,3.71870592e-05
9.99924421e-01,7.56023073e-05
9.99982357e-01,1.76842805e-05
9.88662541e-01,1.13374395e-02
9.99289155e-01,7.10874971e-04
9.99987125e-01,1.29281316e-05
9.99868393e-01,1.31555236e-04
9.99548495e-01,4.51443804e-04
9.99985218e-01,1.47358323e-05
9.99087572e-01,9.12452466e-04
9.99691963e-01,3.08071874e-04
9.99829412e-01,1.70587882e-04
9.99948144e-01,5.18047382e-05
9.99964476e-01,3.55141638e-05
9.99774873e-01,2.25113487e-04
9.98054624e-01,1.94543193e-03
9.72286284e-01,2.77137645e-02
9.99999285e-01,6.70108193e-07
9.99440730e-01,5.59239823e-04
9.99964356e-01,3.56367382e-05
9.99906421e-01,9.35297212e-05
9.98594105e-01,1.40586274e-03
9.98196661e-01,1.80336647e-03
9.99990225e-01,9.76588308e-06
9.99086618e-01,9.13354917e-04
9.99925375e-01,7.46442311e-05
9.99817312e-01,1.82706179e-04
9.99920249e-01,7.97802131e-05
9.46246624e-01,5.37533462e-02
9.99982834e-01,1.72174641e-05
9.99996066e-01,3.89997513e-06
9.99159336e-01,8.40643421e-04
9.99964952e-01,3.50057890e-05
9.99257505e-01,7.42522418e-04
9.99969602e-01,3.04036657e-05
9.99962449e-01,3.75560994e-05
9.99966979e-01,3.30378280e-05
9.99860883e-01,1.39048920e-04
9.99993086e-01,6.96985671e-06
9.99908209e-01,9.18331498e-05
9.99999046e-01,1.01053786e-06
9.99617338e-01,3.82630096e-04
9.88547802e-01,1.14521524e-02
9.99982476e-01,1.75486221e-05
9.99983549e-01,1.64041539e-05
9.99609411e-01,3.90633679e-04
9.99688387e-01,3.11637705e-04
9.99882936e-01,1.17025535e-04
9.99994397e-01,5.55229008e-06
9.99991775e-01,8.23057690e-06
9.99731600e-01,2.68434989e-04
9.99997854e-01,2.19841240e-06
9.96868312e-01,3.13173677e-03
9.99956012e-01,4.39677970e-05
9.99937177e-01,6.27768532e-05
9.29665089e-01,7.03348666e-02
9.99930263e-01,6.97186188e-05
9.99755681e-01,2.44271912e-04
9.96021092e-01,3.97888012e-03
9.99762356e-01,2.37686269e-04
9.58515465e-01,4.14846055e-02
9.99875069e-01,1.24962680e-04
9.99893427e-01,1.06530912e-04
9.99999762e-01,2.36645022e-07
9.99976993e-01,2.30542792e-05
9.99850392e-01,1.49529544e-04
9.99783218e-01,2.16841989e-04
9.99965191e-01,3.48035428e-05
9.99987602e-01,1.24411454e-05
9.99963760e-01,3.62450301e-05
9.99965668e-01,3.43152533e-05
9.99987960e-01,1.20810300e-05
9.99995112e-01,4.93754487e-06
9.99999285e-01,7.64524430e-07
9.99983430e-01,1.65270703e-05
9.99922276e-01,7.77182140e-05
9.99896884e-01,1.03081373e-04
9.95423496e-01,4.57645301e-03
9.99995232e-01,4.72141983e-06
9.99997854e-01,2.11026463e-06
9.99838710e-01,1.61270320e-04
9.99690294e-01,3.09755269e-04
9.99920011e-01,7.99543122e-05
9.99969125e-01,3.09297720e-05
9.99991059e-01,8.93890319e-06
9.99804556e-01,1.95520101e-04
9.99895215e-01,1.04821484e-04
9.99825060e-01,1.75019974e-04
8.47890735e-01,1.52109280e-01
9.99999881e-01,1.59730092e-07
9.98493671e-01,1.50635815e-03
9.99994874e-01,5.15173315e-06
9.99993563e-01,6.37876201e-06
9.99784887e-01,2.15173117e-04
9.99984264e-01,1.56907445e-05
9.99955654e-01,4.43365498e-05
9.84268665e-01,1.57313123e-02
9.99857426e-01,1.42569363e-04
9.95638430e-01,4.36157873e-03
9.99759614e-01,2.40355090e-04
9.98860955e-01,1.13901251e-03
9.99540091e-01,4.59981791e-04
9.99875665e-01,1.24361293e-04
9.99989629e-01,1.03373932e-05
9.98565257e-01,1.43478659e-03
9.99531865e-01,4.68117621e-04
9.99893188e-01,1.06845080e-04
9.99789417e-01,2.10553742e-04
9.92258132e-01,7.74180284e-03
9.99995470e-01,4.54575820e-06
9.99998212e-01,1.80690188e-06
9.99991775e-01,8.23714072e-06
9.99279559e-01,7.20410200e-04
9.99991536e-01,8.45743489e-06
9.69365835e-01,3.06342021e-02
9.99999166e-01,8.31821524e-07
9.99774992e-01,2.24972711e-04
9.99997377e-01,2.57612237e-06
9.99984264e-01,1.57226368e-05
9.99475300e-01,5.24725649e-04
9.98336673e-01,1.66330731e-03
5.91975868e-01,4.08024102e-01
9.99995351e-01,4.65826361e-06
9.99938607e-01,6.13808152e-05
9.99733150e-01,2.66856718e-04
9.99604166e-01,3.95822251e-04
9.99643922e-01,3.56124947e-04
9.99594033e-01,4.05986153e-04
9.99660730e-01,3.39300139e-04
9.99992371e-01,7.60435887e-06
9.95863676e-01,4.13626526e-03
9.99999285e-01,7.62937361e-07
9.99954224e-01,4.57410824e-05
9.99720991e-01,2.79007363e-04
9.98899341e-01,1.10061828e-03
9.99906063e-01,9.39251258e-05
9.99306560e-01,6.93402253e-04
9.98563826e-01,1.43618311e-03
9.99599278e-01,4.00747085e-04
9.99994993e-01,5.06502874e-06
9.98647749e-01,1.35231682e-03
9.96762514e-01,3.23743257e-03
9.99807060e-01,1.92989464e-04
9.98498559e-01,1.50144601e-03
9.99816597e-01,1.83448414e-04
9.99589980e-01,4.10034292e-04
9.97888982e-01,2.11101724e-03
9.99981523e-01,1.84970195e-05
9.94355440e-01,5.64455148e-03
9.98054624e-01,1.94538455e-03
9.99204576e-01,7.95503671e-04
9.99712050e-01,2.87983916e-04
9.99993801e-01,6.17856631e-06
9.99969482e-01,3.05199792e-05
9.99999523e-01,4.97003896e-07
9.99942422e-01,5.75570593e-05
9.93133783e-01,6.86622597e-03
9.99958873e-01,4.11104957e-05
9.99593675e-01,4.06329578e-04
9.64773476e-01,3.52265127e-02
9.99844790e-01,1.55222835e-04
9.97483313e-01,2.51674792e-03
9.99994278e-01,5.69991698e-06
9.99930024e-01,6.99623124e-05
9.99994278e-01,5.76570346e-06
9.99703228e-01,2.96799728e-04
9.99997497e-01,2.49782579e-06
9.99992847e-01,7.19179479e-06
9.99996543e-01,3.49609672e-06
9.97099280e-01,2.90072802e-03
9.99991655e-01,8.39656695e-06
9.96330678e-01,3.66935949e-03
9.99938965e-01,6.09815688e-05
9.99946356e-01,5.36559419e-05
9.99930739e-01,6.93024194e-05
9.99287188e-01,7.12816080e-04
9.99983907e-01,1.60586551e-05
9.99946952e-01,5.30369325e-05
9.97410476e-01,2.58956756e-03
9.99999404e-01,5.79721871e-07
9.81022775e-01,1.89772397e-02
9.98940408e-01,1.05955719e-03
9.98176336e-01,1.82361354e-03
9.99960899e-01,3.91497670e-05
9.98032510e-01,1.96748134e-03
9.99655485e-01,3.44502594e-04
9.96271491e-01,3.72855039e-03