0.999633335
0.994491765
0.98857241
0.0004777
0.9999965
0.981179452
0.9999962
0.00083935
0.9999829
0.00106746
0.0010533
0.230317
0.0207747
1.78E-05
0.999849466
0.939820196
0.9999032
0.99999722
5.29E-05
0.999682414
0.995099164
0.0004471
0.999687945
0.996394486
1.22E-05
0.0798851
0.994527807
0.023566
0.0324165
0.0118173
0.998142557
0.9999632
0.00042945
0.051466
0.0003992
0.00308454
0.0001353
0.998461627
0.07164884
0.0064985
0.42656666
0.988915082
0.9999956
0.4910947
9.68E-05
0.99959624
0.995764344
0.013052
0.22036535
0.0220591
0.99999923
0.99826084
0.030947
0.27153486
0.05652595
0.983628403
0.988217534
0.082784
0.99131109
0.80621256
0.999999312
0.999703411
0.996148367
0.99999844
0.998190405
0.00020343
0.0016435
0.2052008
0.942711946
0.9999636
0.999451336
0.995889951
0.0097617
0.00303
0.999784645
0.83511059
0.0025325
0.98814051
0.999999279
0.0001321
0.70970806
0.975916978
0.0001005
0.0638347
0.00422686
0.999884764
0.993881625
0.69715673
0.99983716
0.34006906
0.997452591
0.999879137
0.99999501
0.08074373
0.00140756
0.03600645
0.99977528
0.65170917
0.995909509
0.0119338
0.991706237
0.99999207
0.997813893
0.9999823
0.08613086
0.99979738
4.05E-05
0.0039451
9.50E-07
0.0009323
0.991475751
0.99986205
0.999698262
0.999428323
0.0003968
0.0010208
0.00123197
0.310227
0.999820488
0.0137399
0.972869439
0.99999103
0.997826396
0.001108
0.9999484
0.0379258
9.20E-05
0.997479034
0.996771185
0.999645727
0.957543854
0.22546315
0.5752571
0.996880531
7.98E-05
0.99999133
3.48E-05
0.999844201
0.992360917
0.0039474
0.0903423
0.0007678
0.4283318
0.00141174
0.999999803
0.49110264
0.00090384
0.999574126
0.9999747
0.99999198
0.9999856
0.988685915
0.999987
0.03139985
0.0002666
0.62380597
0.5992697
0.999999235
0.00359917
0.999571505
0.959814683
0.0005137
0.0075344
0.998622997
0.0010584
0.9999736
0.0007344
0.029253
0.98361964
0.00054973
0.55723137
0.999474143
0.9999678
0.988395902
0.999577598
0.999918
0.92668913
0.5486344
8.27E-05
0.998526967
0.00839156
0.9999713
0.0003562
0.00770086
0.00410676
0.999854255
0.16150224
0.9999775
0.71126968
0.00159544
0.940190326
0.9999606
0.999522322
3.34E-06
0.0256021
0.99999274
0.999671165
0.999490941
0.03200006
0.9999778
0.9999851
0.62133008
0.52724907
0.9999617
0.0005328
0.991837665
0.999878143
0.999817201
0.999818048
0.99999803
0.997731206
0.9999518
0.999814013
0.00217783
0.4639852
0.99999799
0.0001409
0.04386765
0.999764186
0.0265743
0.0006569
0.9999799
0.99999678
0.02277
0.2504405
0.999880106
1.63E-05
0.98882531
0.044808
0.002528
0.1367969
0.987267688
5.58E-05
0.0028967
1.80E-06
0.0078347
0.999701927
0.00591975
0.69145748
0.99999175
0.0048432
0.999174545
2.99E-05
0.84548873
0.78448038
0.28867763
0.99999608
0.9999456
0.999854802
0.999324771
0.3129625
0.96999581
0.973303137
0.00027126
0.02821606
0.0006607
0.14746594
0.00309944
0.999762941
0.0225142
0.02530503
0.99999518
0.99999161
0.999821608
0.0281305
0.999999521
0.999764115
0.975023093
0.0440748
5.36E-06
0.938488252
0.0001075
0.00034857
0.0002242
0.9999089
0.998831901
0.999999947
0.997896136
0.999766475
0.91915522
0.00582016
0.997278879
0.9999665
0.995355131
0.98440198
0.999987
0.0001017
0.00241816
0.03545135
0.998614502
0.0011525
0.9999556
0.04728305
0.965391494
0.5003497
0.1938755
0.996998934
0.0005415
0.0049873
0.994379162
0.995987714
0.84022671
0.999827516
0.00026613
0.00127155
0.01225156
0.999885924
0.52321467
0.43698865
0.9999574
7.60E-06
0.01342434
0.933739066
0.9999666
0.0080833
0.993254899
0.05131197
0.0309357
0.3781211
2.06E-05
0.999885629
0.03671306
0.999538346
0.02221125
0.00115275
0.0019124
0.998667075
0.991277358
0.99999874
0.99999862
0.985071781
0.00661474
1.35E-05
0.0006375
0.0155896
0.00255406
0.999523156
0.9999755
0.9999884
0.99469047
0.997886221
0.999816952
0.00389284
0.79088281
0.999234258
7.24E-05
0.999999846
0.998546878
0.04899824
0.998996004
0.23730457
0.9999656
0.0031967
0.99989037
0.997156998
0.54802063
0.00030375
0.99999261
0.0460474
0.996541522
0.91501401
0.10291797
0.000479
0.999584853
0.0003047
0.00108194
0.999999412
0.0003778
0.9999811
0.0443747
0.905526355
0.001527
0.00336075
0.99981379
0.998888959
0.99989704
0.99926126
9.27E-05
0.00011647
0.65535086
0.77331968
0.999999221
0.9999842
0.999531477
0.99374572
1.54E-05
0.999999986
0.999827734
0.99999513
0.078652
0.994330661
0.0048481
0.00010777
5.21E-05
0.0001767
0.00099593
0.21150446
0.99999346
0.997774632